[[ 0.35430062  0.34581753  0.71332491  0.80583295  0.78723032  0.84081273
   0.76187958  0.83090581  0.79227258  0.815189    0.7659065   0.85563202
   0.83278692  0.85719124  0.90942237  0.9129398   0.92843648  0.93728305
   0.89066342  0.78117802  0.85571866  0.92535074]
 [ 0.49204965  0.46302164  0.80738545  0.87608266  0.86094097  0.89991564
   0.83676586  0.89025318  0.86022908  0.87677018  0.83822662  0.90605192
   0.88984116  0.90677902  0.94417778  0.94654788  0.95674739  0.96351857
   0.93153127  0.85242787  0.90740364  0.9568473 ]
 [ 0.62585704  0.58642642  0.8787283   0.92473034  0.91206899  0.93997204
   0.89304628  0.93034811  0.91029413  0.9209678   0.89356547  0.94121296
   0.930104    0.9420369   0.96631742  0.96807508  0.9749759   0.97974783
   0.95883134  0.90397165  0.9430431   0.97613846]]