[[ 0.33847764  0.32756602  0.28992647  0.32970299  0.36158453  0.36747828
   0.40016062  0.38437106  0.41216515  0.46093276  0.48209586  0.48165158
   0.50067709  0.50948614  0.51018911  0.53487401  0.58877753  0.60521304
   0.63240513  0.61674495  0.62455302  0.61737649]
 [ 0.44297553  0.42372726  0.38103132  0.41791808  0.44801158  0.45675432
   0.48974314  0.4719179   0.50410529  0.54852161  0.56870409  0.56859184
   0.58619402  0.59582561  0.59697169  0.62053529  0.67146843  0.68656442
   0.71290195  0.6968187   0.70387554  0.69865321]
 [ 0.54805605  0.52537445  0.47443934  0.50768308  0.54007925  0.54490623
   0.57772091  0.55934911  0.5881022   0.63263718  0.65258941  0.65271673
   0.66973083  0.6756946   0.67916945  0.69815938  0.74496501  0.75777496
   0.78249583  0.76556713  0.7727789   0.76874906]]