[[ 0.44790475  0.48501491  0.50649736  0.51575638  0.52544606  0.52579247
   0.57865746  0.61021666  0.56685419  0.64761427  0.68920869  0.75374207
   0.74661583  0.75683762  0.73487394  0.77526965  0.81101164  0.79327991
   0.79391167  0.84030951  0.82861311  0.82656638]
 [ 0.54307732  0.56862246  0.58045525  0.57827764  0.58156094  0.5838124
   0.63289436  0.6644412   0.62574294  0.6981322   0.73855515  0.80069697
   0.79104598  0.80186937  0.78241368  0.81802583  0.85063028  0.83386311
   0.83506886  0.8762718   0.86563864  0.8661479 ]
 [ 0.62937088  0.64870286  0.65224175  0.6393488   0.63535014  0.63930384
   0.68789653  0.7182459   0.67934369  0.74601933  0.7841635   0.84278271
   0.83067973  0.84083783  0.82322532  0.85415108  0.88520417  0.86967151
   0.86906747  0.90694799  0.89587556  0.89946474]]