[[ 0.30167351  0.31759749  0.33406584  0.35061884  0.36722967  0.38444337
   0.4022653   0.41951768  0.43737091  0.45543263  0.47297437  0.49076488
   0.50805174  0.52543697  0.54266224  0.56003431  0.57722879  0.59421918
   0.61018147  0.62701255  0.64315246  0.65830351]
 [ 0.37643405  0.39314018  0.41035276  0.42755532  0.44491511  0.46219629
   0.47979314  0.49752442  0.51493604  0.53239328  0.54977837  0.5669499
   0.58428283  0.60127717  0.61812269  0.63464894  0.65064578  0.66677675
   0.6821131   0.69712263  0.71175512  0.72607033]
 [ 0.45587256  0.47233273  0.48950222  0.50675705  0.52355043  0.5405159
   0.55784182  0.57462793  0.59203006  0.60878414  0.62541182  0.64192578
   0.65768395  0.67398231  0.68925105  0.70446884  0.7199711   0.73456232
   0.7488337   0.76196569  0.77474233  0.78699144]]