[[ 0.44382681  0.46968449  0.49519763  0.52063636  0.54623467  0.5719494
   0.59677844  0.62088633  0.64469382  0.66710746  0.68859312  0.70938427
   0.72941096  0.74825762  0.76616921  0.78301167  0.79879855  0.8135222
   0.82742287  0.84027739  0.85252515  0.86395904]
 [ 0.48957221  0.51473556  0.53953997  0.56410502  0.58853579  0.61248423
   0.63571642  0.65839311  0.68039568  0.70160945  0.72184232  0.74143071
   0.76000427  0.77761841  0.79427232  0.81004145  0.82483814  0.83875393
   0.85167965  0.8637085   0.87501023  0.88543439]
 [ 0.53653611  0.55998394  0.58327482  0.60588611  0.62823941  0.65045648
   0.67207231  0.69303292  0.71337462  0.73296754  0.75182669  0.77022508
   0.78751883  0.80368524  0.81947392  0.83401966  0.84780956  0.86076991
   0.87290605  0.88394837  0.89417765  0.90368975]]