[[ 0.36952663  0.32893907  0.44441527  0.61326733  0.79838844  0.85529669
   0.85477928  0.85141088  0.84198726  0.88596983  0.90995511  0.92218595
   0.92691005  0.89498167  0.90097167  0.92634759  0.91226496  0.94241541
   0.93704155  0.92787754  0.93983683  0.95510289]
 [ 0.48281508  0.41843081  0.536807    0.6917711   0.85003529  0.89755636
   0.89456753  0.89350968  0.88498035  0.92121679  0.93833873  0.94884595
   0.9523738   0.93018868  0.93275478  0.95147847  0.94269045  0.9646059
   0.95990625  0.95413161  0.96255347  0.97454012]
 [ 0.59294882  0.50976719  0.6292739   0.76054116  0.89140006  0.92906628
   0.92649334  0.92572617  0.91804476  0.94660894  0.96025946  0.9672319
   0.97019539  0.95406022  0.95614345  0.9701713   0.96362334  0.97926266
   0.97522859  0.97189215  0.97733545  0.98708559]]