[[ 0.64423273  0.66594309  0.68755537  0.70826577  0.72813812  0.74669751
   0.76532724  0.78197845  0.79776875  0.81287288  0.82710388  0.84023931
   0.85241796  0.86359902  0.87380711  0.88384862  0.89303968  0.90146322
   0.90933067  0.91657997  0.92323639  0.92926816]
 [ 0.73573298  0.75360513  0.77074522  0.78710432  0.80230542  0.81651825
   0.83015464  0.84306213  0.85501813  0.86618624  0.87671612  0.88647097
   0.89548535  0.90395532  0.91190705  0.91918826  0.92598778  0.93219057
   0.93783763  0.94304309  0.94789476  0.95243547]
 [ 0.8098786   0.82352408  0.83636091  0.8486375   0.85967764  0.86999017
   0.88021733  0.8896632   0.8985448   0.90691182  0.91434324  0.92165217
   0.92838982  0.93447213  0.94009832  0.94526593  0.95002396  0.95451812
   0.95847234  0.96204032  0.96567301  0.96869563]]