[[ 0.56881885  0.61351559  0.65643073  0.69655918  0.73339536  0.76732984
   0.79808509  0.8253132   0.84954476  0.87074283  0.88923165  0.90517103
   0.91916573  0.93113577  0.94139101  0.95004347  0.95750766  0.96386963
   0.96929309  0.97391187  0.97785399  0.98120233]
 [ 0.62713385  0.66771098  0.70572399  0.74123593  0.77389157  0.80352784
   0.83015275  0.85372829  0.87465286  0.89290207  0.90877215  0.9224905
   0.93433114  0.94438296  0.95301074  0.96035024  0.96659438  0.9718987
   0.9763532   0.98016247  0.98333513  0.98601502]
 [ 0.6794092   0.71530267  0.74863595  0.78044535  0.80880391  0.83476804
   0.85796854  0.87816714  0.89602257  0.91170634  0.92522939  0.93688173
   0.94693504  0.95536716  0.96267506  0.96883804  0.97407341  0.97842119
   0.98210777  0.98513308  0.9876636   0.98978564]]